epoch:0 0.0144  0.0512  0.0032  0.0000  0.0017  0.0193  0.0221  0.0347  0.0350  0.0000  0.0023  0.0479  0.9126  0.005000
epoch:1 0.0590  0.1874  0.0165  0.0000  0.0134  0.0829  0.1038  0.1785  0.1806  0.0000  0.0451  0.2376  0.6590  0.005000
epoch:2 0.0806  0.2388  0.0293  0.0005  0.0195  0.1081  0.1231  0.1846  0.1861  0.0035  0.0484  0.2428  0.6057  0.005000
epoch:3 0.1068  0.2956  0.0463  0.0009  0.0356  0.1424  0.1696  0.2707  0.2790  0.0064  0.1210  0.3486  0.5740  0.005000
epoch:4 0.1210  0.3242  0.0562  0.0006  0.0376  0.1599  0.1712  0.2535  0.2570  0.0028  0.0990  0.3260  0.5556  0.005000
epoch:5 0.1866  0.4671  0.1027  0.0035  0.0939  0.2315  0.2296  0.3296  0.3370  0.0329  0.1990  0.4017  0.5007  0.005000
epoch:6 0.2321  0.5238  0.1573  0.0144  0.1226  0.2853  0.2719  0.3875  0.3975  0.0643  0.2451  0.4681  0.4533  0.005000
epoch:7 0.2669  0.5688  0.2103  0.0321  0.1543  0.3205  0.2910  0.4022  0.4076  0.0777  0.2596  0.4764  0.4241  0.005000
epoch:8 0.2912  0.6015  0.2384  0.0382  0.1779  0.3469  0.3111  0.4319  0.4397  0.0997  0.3038  0.5061  0.3928  0.001650
epoch:9 0.2986  0.6098  0.2508  0.0302  0.1809  0.3560  0.3183  0.4359  0.4432  0.1057  0.3016  0.5124  0.3808  0.001650
epoch:10 0.3044  0.6191  0.2618  0.0346  0.1865  0.3620  0.3215  0.4414  0.4490  0.0962  0.3075  0.5176  0.3737  0.001650
epoch:11 0.3156  0.6267  0.2830  0.0418  0.1952  0.3755  0.3282  0.4483  0.4564  0.1133  0.3260  0.5227  0.3586  0.000545
epoch:12 0.3181  0.6339  0.2829  0.0465  0.1971  0.3768  0.3273  0.4491  0.4572  0.1136  0.3228  0.5240  0.3570  0.000545
epoch:13 0.3201  0.6339  0.2860  0.0432  0.1972  0.3798  0.3283  0.4515  0.4595  0.1058  0.3210  0.5275  0.3544  0.000545
epoch:14 0.3223  0.6340  0.2911  0.0463  0.1996  0.3817  0.3310  0.4541  0.4623  0.1115  0.3283  0.5286  0.3504  0.000180
epoch:15 0.3221  0.6358  0.2900  0.0466  0.1968  0.3817  0.3320  0.4528  0.4599  0.1077  0.3221  0.5277  0.3488  0.000180
epoch:16 0.3215  0.6344  0.2905  0.0491  0.1950  0.3817  0.3311  0.4530  0.4611  0.1137  0.3204  0.5286  0.3482  0.000180
epoch:17 0.3247  0.6368  0.2911  0.0501  0.1998  0.3852  0.3336  0.4567  0.4641  0.1160  0.3258  0.5320  0.3475  0.000059
epoch:18 0.3239  0.6343  0.2965  0.0465  0.2022  0.3826  0.3311  0.4526  0.4598  0.1091  0.3240  0.5260  0.3473  0.000059
epoch:19 0.3237  0.6366  0.2918  0.0483  0.1989  0.3840  0.3328  0.4556  0.4636  0.1110  0.3297  0.5301  0.3468  0.000059
epoch:20 0.3238  0.6348  0.2960  0.0471  0.1984  0.3835  0.3318  0.4563  0.4642  0.1124  0.3299  0.5301  0.3464  0.000020
epoch:21 0.3251  0.6366  0.2950  0.0489  0.2021  0.3852  0.3331  0.4551  0.4629  0.1102  0.3277  0.5302  0.3455  0.000020
epoch:22 0.3258  0.6374  0.3029  0.0496  0.2031  0.3854  0.3347  0.4570  0.4650  0.1083  0.3319  0.5322  0.3449  0.000020
epoch:23 0.3240  0.6354  0.2936  0.0511  0.2018  0.3832  0.3319  0.4559  0.4638  0.1130  0.3341  0.5290  0.3460  0.000006
epoch:24 0.3243  0.6365  0.2944  0.0515  0.2009  0.3844  0.3336  0.4558  0.4630  0.1162  0.3266  0.5302  0.3449  0.000006
